function A = CoronalMat()
  A = [ 1 0 0 0;
	0 0 1 0;
	0 1 0 0;
	0 0 0 1]  ;
